d = 20
gamma = 0.01
alpha_u = 0.1
alpha_v = 0.1
alpha_p = 0.1
alpha_q = 0.1
k = 20

T = 100
Pre@20: 0.024231177094379747
Rec@20: 0.20466175158646
NDCG@20: 0.04184184644875187

------------------
d = 20
gamma = 0.01
alpha_u = 0.01
alpha_v = 0.01
alpha_p = 0.01
alpha_q = 0.01
k = 20

T = 100
Pre@20: 0.02836691410392378
Rec@20: 0.24069711659849533
NDCG@20: 0.04545495672917729

------------------
d = 20
gamma = 0.01
alpha_u = 0.001
alpha_v = 0.001
alpha_p = 0.001
alpha_q = 0.001
k = 20

T = 100
Pre@20: 0.029798515376458265
Rec@20: 0.2608375835311149
NDCG@20: 0.04946196421949725